311	313	312	310	315	
313	311	315	
312	311	310	314	315	307	
304	301	405	303	316	305	
209	206	203	202	210	211	
206	203	205	204	207	211	209	227	
208	226	207	
212	210	207	211	228	227	226	
226	208	212	207	
317	308	309	318	316	314	
309	308	355	317	314	
306	308	355	302	307	
404	406	405	403	402	481	
414	484	
211	227	209	212	210	206	
480	403	401	
318	317	305	315	314	316	356	
301	106	302	303	304	405	
402	405	404	403	401	
227	206	212	207	211	
316	308	318	304	303	317	305	
412	413	410	409	408	
405	301	304	305	406	404	402	482	
205	203	204	207	206	
482	406	405	305	409	
315	318	313	312	311	314	356	
401	403	402	480	
207	212	206	208	226	227	205	
105	102	108	164	103	106	104	
305	318	304	316	356	405	410	482	409	
204	201	203	205	206	
308	309	302	303	317	316	306	355	
355	308	309	314	306	307	
410	305	356	412	413	484	483	409	
483	484	410	413	
314	309	318	312	317	315	307	355	
302	308	301	303	306	
303	308	301	302	304	316	
101	102	103	
307	312	355	310	306	314	
413	410	483	411	412	408	
210	209	228	212	211	
228	212	210	
103	102	101	106	105	
403	481	404	402	401	480	
110	164	109	111	107	112	
407	411	481	408	
411	407	413	408	
111	164	108	110	
201	203	202	204	
112	109	110	
310	312	311	307	
501	595	502	
202	201	209	203	
203	201	202	205	204	206	209	
102	103	101	104	105	
104	164	102	107	105	
164	108	111	110	107	104	105	
107	164	109	110	104	
109	112	110	107	
106	301	108	103	105	
108	164	111	106	105	
408	407	481	412	413	409	411	
481	407	406	404	403	409	408	
356	410	484	318	305	315	
484	414	356	483	410	
595	502	503	501	
406	409	405	404	482	481	
409	305	406	410	412	482	481	408	
502	595	503	501	
503	595	502	
