11436	11433	11423	11412	11413	11414	11415	11417	11375	11419	11418	11367	11432	11420	11430	11422	11451	11434	11435	
11213	11238	11205	11206	11210	11212	11203	11216	11221	11207	11215	11226	11225	11233	11234	11236	
11212	11239	11210	11213	11203	11216	11221	11207	11208	11226	11225	11233	11234	11236	
11225	11218	11215	11212	11213	11210	11205	11217	11206	11230	11226	11233	11234	11231-1	11221	11238	11232	11203	11236	11216	
11218	11214	11215	11238	11210	11204	11229	11228	11230	11226	11225	11219	11223	11231-1	11220	11232	11203	11217	
11226	11218	11225	11238	11213	11203	11216	11217	11229	11215	11230	11232	11219	11234	11231-1	11236	11212	11223	11210	11204	
11219	11215	11209	11204	11214	11228	11230	11226	11218	11223	11232	11220	
11210	11223	11235	11212	11213	11203	11204	11229	11215	11230	11226	11218	11234	11225	11236	
11230	11229	11218	11228	11203	11204	11214	11215	11226	11232	11219	11234	11225	11224	11223	11210	11235	
11204	11224	11229	11215	11235	11209	11210	11214	11228	11230	11226	11218	11219	11223	11232	11220	
10471	10463-1	10463-2	10466	10467	10462	10470	10461	10458	10468	10469	
10470	10475	10463-1	10466	10467	10471	10461	10462	10458	10468	10469	
10466	10463-1	10464-1	10475	10467	10465	10462	10470	10461	10471	10458	10468	10469	
10467	10460	10461	10475	10465	10466	10470	10473	10472	10458	10457	10468	10469	10463-1	10463-2	10453	10462	10471	
10463-1	10463-2	10453	10466	10467	10471	10470	10461	10462	10458	10457	10468	10469	
10475	10464-1	10466	10467	10465	10462	10470	10461	10469	
10464-1	10475	10466	10465	10461	10469	
10469	10475	10473	10463-1	10472	10464-1	10466	10467	10465	10462	10470	10460	10461	10471	10458	10468	
10468	10453	10452	10462	10470	10460	10461	10466	10458	10469	10463-1	10463-2	10467	10457	10471	10456	
10463-2	10463-1	10453	10467	10471	10457	10458	10468	
10458	10473	10472	10453	10467	10465	10462	10470	10460	10461	10466	10459	10468	10469	10463-1	10463-2	10452	10457	10471	10456	
10034	10040	10033	10032	
10033	10039	10040	10034	10031	10032	
10462	10460	10461	10475	10467	10465	10456	10473	10472	10459	10458	10468	10469	10463-1	10453	10466	10457	10471	10470	
10040	10034	10033	10032	
10453	10463-1	10463-2	10467	10452	10451	10457	10456	10460	10462	10458	10468	
10465	10466	10473	10472	10464-1	10475	10467	10462	10460	10461	10458	10469	
10464-2	
10464-3	
10461	10475	10460	10464-1	10466	10467	10465	10462	10470	10473	10472	10458	10468	10469	10463-1	10471	
10457	10463-1	10463-2	10455	10467	10453	10452	10451	10456	10460	10472	10462	10459	10458	10468	
10460	10455	10472	10453	10474	10451	10465	10462	10456	10473	10461	10459	10458	10468	10469	10452	10467	10457	
10032	10039	10034	10040	10027	10037	10031	10030	10033	
10452	10460	10453	10451	10457	10456	10455	10454	10459	10458	10468	
10456	10455	10474	10472	10453	10452	10451	10457	10460	10454	10462	10459	10458	10468	
10472	10473	10467	10465	10462	10456	10460	10461	10457	10459	10458	10469	
10031	10025	10037	10035-1	10039	10026	10027	10024	10115	10030	10033	10032	
10039	10035-1	10027	10037	10031	10030	10033	10032	
10459	10455	10452	10472	10474	10451	10457	10456	10460	10454	10462	10458	
10451	10460	10474	10453	10452	10457	10456	10455	10454	10459	
10473	10461	10467	10465	10462	10460	10472	10458	10469	
10030	10025	10024	10035-1	10039	10026	10027	10037	10115	10031	10032	
10027	10025	10037	00083	10023	10035-1	10039	10029	10026	10024	10115	10031	10030	10032	
10474	10451	10456	10455	10454	10460	10459	
10455	10460	10452	10474	10451	10457	10456	10454	10459	
10037	10025	10024	10026	10039	10029	10035-1	10027	10115	10031	10030	10032	
10024	10075	10065	10069	10026	10019	10128	10028	10029	10035-1	10027	10037	10115	10031	10030	10021	10025	10022	00083	10023	
10454	10474	10452	10451	10456	10455	10459	
10026	10075	10065	10035-1	10019	10128	10028	10029	10027	10024	10115	10031	10037	10021	10025	10022	00083	10030	10023	
10035-1	10115	00083	10024	10128	10039	10029	10026	10027	10037	10025	10031	10030	
10048	10005	10006	10007	10282	10281	10038	10013	
10025	10075	10065	10026	10019	10128	10028	10029	10035-1	10027	10037	10115	10031	10023	10021	10030	10022	00083	10024	
11357	11359	11358	11368	11364	11365	11356	11360	11354	11355	11361	
10029	10075	10065	00083	10023	10035-1	10019	10128	10028	10026	10027	10037	10025	10022	10024	10021	
00083	10115	10075	10065	10069	10026	10019	10018	10028	10029	10035-1	10027	10024	10036	10022	10023	10020	10111	10025	10017	10128	10021	
11356	11358	11355	11368	11357	11360	11354	
11359	11358	11357	11360	11361	
11360	11359	11358	11362	11364	11365	11357	11356	11361	11363	11355	11354	
11105	11371	11369	11102	11103	11377	11101	11106	11370-1	11372	
10128	10075	10065	10035-1	10019	10028	10029	10026	10024	10025	10022	10023	10021	00083	
10023	10075	10065	10069	10019	10018	10028	10029	10026	10027	10024	10115	10022	10020	10111	10025	10036	00083	10128	10021	
11363	11358	11005	11364	11365	11362	11360	11361	11426	
10028	10075	10065	10019	10128	10029	10026	10024	10025	10022	10023	10021	00083	
11354	11357	11360	11361	11358	11368	11369	11375	11374	11364	11365	11371	11356	11355	11372	11367	11373	
11102	11103	11377	11101	11106	11105	11370-1	
11370-1	11106	11378	11368	11369	11102	11377	11101	11371	11373	11105	11104	11103	11372	
10021	10075	10065	10019	10128	10028	10029	10026	10024	10025	10022	10023	00083	
11358	11357	11363	11355	11361	11359	11368	11366	11367	11364	11365	11362	11356	11360	11354	11423	11427	11426	
11362	11001	11358	11005	11004	11366	11364	11365	11363	11360	11361	11428	11040	11423	11427	11426	
10044	
11369	11368	11375	11370-1	11377	11371	11355	11372	11373	11103	11367	11105	11374	11354	
11103	11371	11109	11378	11369	11102	11377	11101	11106	11373	11105	11104	11370-1	11372	
11106	11109	11378	11102	11103	11377	11101	11104	11105	11370-1	
11368	11370-1	11373	11354	11378	11358	11379	11415	11369	11375	11374	11377	11365	11371	11356	11355	11372	11366	11357	11367	11432	11435	
11377	11371	11373	11105	11374	11109	11379	11378	11368	11369	11102	11103	11101	11106	11104	11372	11370-1	
11355	11371	11360	11361	11372	11358	11415	11368	11369	11375	11367	11364	11365	11357	11356	11354	11366	11374	11432	11373	11435	
11101	11109	11379	11378	11102	11103	11377	11106	11104	11105	11373	11370-1	11372	
11364	11362	11001	11360	11354	11412	11358	11005	11004	11366	11367	11365	11357	11363	11355	11361	11429	11428	11432	11433	11423	11427	11426	
10018	10010	10001	10022	00083	10023	10019	10011	10036	10017	10016	10020	10111	
10020	10065	10022	00083	10016	10019	10018	10036	10017	10023	10111	
11005	11001	11004	11364	11362	11363	11361	11428	11040	11427	11426	
10017	10010	10001	10065	00083	10019	10018	10036	10022	10016	10020	10111	
10001	10036	10002	10003	10009	10019	10018	10012	10011	10010	10017	10016	10014	
10011	10001	10002	10003	10009	10018	10013	10012	10010	10016	10014	
10016	10036	10001	10002	10003	10022	10009	10019	10018	10011	10010	10017	10020	
11104	11109	11379	11378	11370-1	11377	11101	11106	11373	11372	11103	
11109	11378	11103	11377	11101	11106	11104	
10010	10001	10002	10003	10009	10018	10038	10013	10012	10011	10017	10016	10014	
11367	11418	11420	11354	11358	11415	11368	11369	11375	11364	11365	11371	11361	11355	11372	11366	11419	11434	11374	11432	11433	11423	11436	11373	11427	11435	
10014	10007	10001	10002	10003	10282	10038	10013	10012	10011	10010	
10003	10001	10002	10009	10038	10013	10012	10011	10010	10016	10014	
11222	11205	11206	11249	11251	
10002	10005	10006	10007	10001	10003	10282	10009	10038	10013	10012	10011	10010	10016	10014	
11378	11109	11379	11368	11374	11370-1	11377	11101	11106	11373	11372	11104	11103	
10009	10001	10002	10003	10038	10013	10012	10011	10010	10016	
10012	10007	10001	10002	10003	10282	10009	10038	10013	10011	10010	10014	
10013	10048	10005	10006	10007	10002	10003	10282	10009	10281	10038	10012	10011	10010	10014	
10007	10048	10005	10006	10002	10282	10281	10038	10013	10012	10014	
11237	
11385	
10038	10048	10005	10006	10007	10002	10003	10282	10009	10281	10013	10012	10010	10014	
11206	11201	11249	11251	11238	11213	11211	11205	11217	11207	11216	11225	11233	11222	11221	
10006	10048	10005	10007	10002	10282	10281	10038	10013	
11412	11430	11411	11413	11366	11364	11429	11428	11427	11432	11433	11423	11422	11436	11451	11434	11435	
10005	10048	10006	10007	10038	10002	10013	
11251	11238	11249	11231-1	11201	11205	11217	11206	11216	11222	
10004-1	10280	
11411	11412	11413	11429	11428	11433	11423	11422	11430	11434	
11201	11238	11249	11215	11251	11205	11217	11206	11216	11231-1	
10004-2	
11205	11238	11249	11222	11215	11251	11201	11213	11211	11216	11217	11206	11225	11233	11231-1	11221	
11208	11414	11416	11417	11418	11419	11212	11239	11221	11207	11420	11421	11430	11233	11236	
11207	11414	11416	11213	11417	11212	11239	11203	11216	11236	11206	11421	11208	11233	11234	11221	
10004-3	
10004-4	
11413	11411	11412	11414	11429	11433	11420	11430	11422	11436	11423	11434	11435	
11217	11238	11249	11218	11206	11232	11251	11201	11205	11215	11216	11225	11226	11231-1	
11238	11218	11215	11213	11203	11216	11217	11206	11226	11225	11233	11231-1	11221	11201	11249	11232	11251	11205	
11231-1	11238	11218	11232	11251	11201	11205	11217	11215	11226	11225	
11422	11411	11412	11413	11414	11429	11420	11430	11436	11434	
11420	11208	11413	11414	11415	11416	11417	11418	11419	11375	11367	11432	11433	11430	11422	11436	11434	11435	
11417	11414	11416	11418	11419	11239	11207	11420	11421	11208	11430	11436	11435	
11215	11201	11205	11232	11210	11231-1	11238	11213	11203	11216	11217	11220	11230	11226	11218	11219	11225	11204	
11231-2	
11232	11225	11228	11231-1	11238	11230	11217	11204	11215	11209	11226	11218	11219	11220	
11430	11411	11412	11413	11414	11417	11419	11433	11208	11420	11422	11436	11434	11435	
11203	11207	11218	11238	11213	11216	11229	11215	11230	11226	11225	11233	11234	11235	11236	11212	11239	11210	
11239	11414	11416	11417	11212	11203	11221	11207	11421	11208	11233	11234	11236	
11236	11229	11213	11210	11212	11239	11203	11221	11207	11226	11208	11225	11233	11234	11235	
11220	11215	11204	11214	11228	11209	11232	11219	11218	
10301	10309	10308	10310	10306	10305	10304	10314	10302	10303	10312	
10303	10309	10308	10310	10306	10312	10304	10314	10302	10301	
11234	11207	11213	11223	11203	11212	11239	11210	11229	11230	11226	11225	11224	11235	11236	
10302	10309	10308	10310	10303	10312	10304	10314	10301	10306	
11693-1	
11209	11224	11204	11214	11228	11232	11219	11223	11220	
10304	10309	10308	10310	10306	10305	10314	10302	10301	10303	10312	
10314	10309	10308	10310	10306	10312	10304	10303	10302	10301	10307	10305	
11228	11224	11230	11204	11214	11209	11218	11219	11223	11232	11220	
11096-1	
10305	10308	10306	10304	10314	10301	
11229	11214	11223	11203	11210	11204	11230	11226	11218	11224	11234	11235	11236	
11214	11219	11229	11230	11204	11228	11209	11218	11224	11223	11235	11220	
11691	11693-3	11692	11096-2	
11096-2	11692	11691	
11223	11219	11229	11234	11209	11210	11204	11214	11228	11230	11226	11218	11224	11235	
11693-2	
11692	11694	11693-3	11096-2	11691	
11235	11214	11223	11203	11210	11204	11229	11230	11224	11234	11236	
11693-3	11697	11694	11692	11691	
10306	10309	10308	10310	10305	10304	10314	10302	10301	10303	10312	
11694	11697	11693-3	11692	
11224	11229	11234	11209	11204	11214	11228	11230	11223	11235	
10308	10309	10310	10306	10312	10304	10314	10302	10301	10303	10305	
11697	11694	11693-3	
10312	10309	10308	10310	10306	10304	10314	10302	10301	10307	10303	
10309	10308	10307	10306	10312	10304	10314	10302	10301	10310	10303	
10307	10312	10314	10309	
10280	10004-1	
11372	11370-1	11104	11105	11355	11379	11378	11368	11369	11375	11103	11377	11101	11371	11373	11374	11367	11354	
11004	11001	11005	11364	11362	11428	11040	11427	11426	
11040	11001	11005	11004	11362	11426	
11426	11001	11358	11005	11004	11366	11364	11365	11362	11363	11361	11429	11428	11040	11423	11427	
11365	11362	11360	11354	11358	11415	11368	11366	11367	11364	11357	11363	11355	11361	11375	11432	11423	11426	11427	11435	
11001	11005	11004	11364	11362	11428	11040	11427	11426	
11375	11373	11418	11420	11354	11379	11415	11368	11374	11367	11365	11371	11355	11372	11366	11419	11432	11433	11436	11369	11434	11435	
11427	11001	11412	11358	11005	11004	11366	11367	11364	11365	11362	11361	11429	11428	11432	11433	11423	11426	
11374	11379	11415	11368	11369	11375	11367	11377	11371	11373	11378	11354	11355	11372	11435	
11366	11412	11358	11415	11368	11428	11375	11367	11364	11365	11362	11355	11361	11429	11432	11433	11423	11435	11427	11426	
11423	11358	11411	11412	11413	11366	11367	11364	11365	11362	11361	11429	11428	11427	11432	11433	11435	11436	11451	11434	11426	
11428	11411	11412	11005	11004	11366	11364	11362	11001	11429	11432	11433	11423	11427	11426	
11432	11375	11418	11420	11412	11415	11368	11366	11367	11364	11365	11355	11429	11428	11434	11419	11433	11423	11436	11451	11427	11435	
11379	11378	11368	11375	11374	11377	11101	11373	11372	11104	
11429	11411	11412	11413	11366	11364	11428	11434	11432	11433	11423	11422	11427	11426	
11435	11421	11420	11416	11366	11430	11412	11413	11414	11415	11368	11417	11375	11374	11365	11355	11418	11419	11367	11432	11433	11423	11436	11451	11434	
11415	11421	11420	11366	11368	11416	11374	11418	11367	11365	11355	11375	11419	11432	11433	11436	11434	11435	
11418	11415	11416	11417	11419	11375	11433	11367	11420	11421	11208	11432	11436	11434	11435	
11433	11375	11418	11423	11411	11412	11413	11415	11366	11367	11364	11429	11428	11434	11419	11432	11420	11430	11436	11451	11427	11435	
11451	11412	11432	11433	11423	11436	11434	11435	
11221	11238	11249	11239	11212	11213	11211	11216	11236	11207	11206	11208	11205	11225	11233	
11421	11414	11415	11416	11417	11418	11419	11239	11207	11208	11435	
11419	11432	11433	11208	11414	11415	11416	11417	11418	11375	11367	11421	11420	11430	11436	11434	11435	
11434	11433	11423	11411	11412	11413	11414	11415	11375	11367	11429	11418	11419	11432	11420	11430	11422	11436	11451	11435	
11216	11238	11206	11212	11213	11203	11211	11205	11217	11207	11215	11226	11225	11233	11221	11201	11249	11251	
11416	11414	11415	11417	11418	11419	11239	11207	11420	11421	11208	11435	
11233	11238	11239	11212	11213	11203	11216	11236	11207	11206	11208	11205	11225	11221	
10055	
10019	10075	10001	10065	10069	10018	10028	10029	10026	10024	10036	10022	10023	10020	10111	10025	10017	00083	10016	10128	10021	
10111	10065	10017	00083	10019	10018	10036	10022	10023	10020	
10153	
10154	
10152	
10115	10025	10037	00083	10023	10035-1	10026	10027	10024	10031	10030	
10022	10075	10065	10019	10128	10028	10029	10026	10024	10025	10023	10020	10021	10036	10017	00083	10016	10018	10111	
11370-2	
10065	10025	10075	10017	00083	10019	10128	10028	10029	10026	10024	10111	10022	10023	10020	10021	
10075	10065	10019	10128	10028	10029	10026	10024	10025	10022	10023	10021	00083	
10069	10019	10023	00083	10024	
10281	10048	10006	10007	10282	10038	10013	
10282	10048	10006	10007	10002	10281	10038	10013	10012	10014	
11211	11205	11216	11206	11249	11221	
11373	11103	11370-1	11354	11104	11379	11378	11368	11369	11375	11374	11377	11101	11371	11355	11372	11367	
10279	
10165	
10168	
10105	
10118	
10176	
10170	
10112	
10122	
10107	
10103	
10174	
10166	
10169	
10167	
10177	
10172	
10171	
10270	
10104	
10271	
10110	
10175	
10151	
10173	
10178	
10121	
10123	
10106	
10158	
10041	
10120	
10278	
10155	
10043	
10081	
10096	
10097	
10196-1	
10196-2	
10275	
10265	
10045	
10047-1	10047-2	
10047-2	10047-1	
10080	
10203	
10259	
10260	10286	
10285	
10286	10260	
10035-2	
11371	11368	11369	11375	11370-1	11377	11355	11372	11373	11103	11367	11105	11374	11354	
11361	11359	11358	11005	11366	11357	11364	11365	11362	11363	11360	11355	11367	11423	11354	11427	11426	
10036	10001	10022	00083	10016	10019	10018	10017	10023	10020	10111	
11414	11413	11416	11417	11419	11239	11207	11420	11421	11208	11430	11422	11436	11434	11435	
10310	10309	10308	10306	10312	10304	10314	10302	10301	10303	
11693-4	
11249	11238	11251	11201	11211	11205	11217	11206	11216	11222	11221	
10162	
10119	
