11436	11433	11420	11430	11434	11435	
11213	11212	11225	11233	11216	11203	
11212	11213	11203	11233	11236	11207	
11225	11238	11213	11203	11216	11215	11226	
11218	11204	11215	11230	11226	11232	11219	
11226	11210	11203	11215	11230	11225	11218	
11219	11218	11220	11232	11204	11228	
11210	11230	11226	11203	11234	11229	
11230	11210	11204	11229	11226	11218	11223	
11204	11214	11228	11230	11218	11219	11223	
10471	10467	10470	10463-1	
10470	10466	10467	10471	
10466	10475	10467	10470	10469	
10467	10463-1	10466	10462	10470	10461	10471	10458	10468	10469	
10463-1	10467	10463-2	10471	10468	
10475	10466	10465	10469	10464-1	10461	
10464-1	10475	
10469	10466	10475	10467	10465	10462	10461	
10468	10463-1	10463-2	10453	10467	10457	10458	
10463-2	10463-1	10468	
10458	10453	10467	10462	10460	10457	10468	
10034	10040	10033	
10033	10040	10034	10032	
10462	10460	10461	10467	10465	10473	10472	10458	10469	
10040	10034	10033	
10453	10452	10458	10457	10468	
10465	10475	10469	10462	10461	
10464-2	
10464-3	
10461	10475	10467	10465	10462	10469	
10457	10453	10452	10456	10460	10458	10468	
10460	10462	10456	10472	10457	10459	10458	
10032	10031	10039	10033	
10452	10453	10451	10457	10456	
10456	10455	10452	10451	10457	10460	10459	
10472	10462	10473	10460	
10031	10027	10039	10030	10032	
10039	10037	10031	10030	10032	
10459	10474	10455	10456	10460	
10451	10452	10456	10455	10454	
10473	10462	10472	
10030	10031	10027	10037	10039	
10027	10115	10030	10026	10035-1	10024	10025	10031	10037	
10474	10459	10455	
10455	10474	10459	10454	10451	10456	
10037	10035-1	10027	10039	10030	
10024	10027	10115	10025	10023	00083	
10454	10451	10455	
10026	10035-1	10027	10025	00083	10029	
10035-1	10026	10027	10037	10029	
10048	10006	10007	
10025	10026	10027	10024	00083	
11357	11358	11356	11360	11354	
10029	10026	10035-1	10128	00083	
00083	10075	10065	10019	10128	10028	10029	10026	10024	10025	10022	10023	10021	
11356	11357	11354	
11359	11360	
11360	11359	11358	11357	11361	
11105	11102	11370-1	11103	
10128	10028	00083	10029	
10023	10019	10069	10024	00083	
11363	11362	11361	
10028	10128	10075	00083	
11354	11358	11357	11368	11355	11356	
11102	11103	11106	11105	
11370-1	11369	11103	11377	11371	11372	11105	
10021	10075	00083	10065	
11358	11364	11365	11357	11355	11361	11360	11354	
11362	11364	11426	11363	11005	11361	
10044	
11369	11370-1	11371	11368	11372	
11103	11102	11370-1	11377	11101	11106	11105	
11106	11102	11103	11101	
11368	11369	11375	11374	11371	11355	11372	11373	11367	11354	
11377	11378	11370-1	11101	11373	11372	11104	11103	
11355	11367	11358	11365	11368	11354	
11101	11109	11378	11103	11377	11106	11104	
11364	11358	11366	11365	11362	11361	11423	11427	11426	
10018	10019	10036	10017	10001	10016	
10020	10022	10019	10036	10017	10111	
11005	11040	11362	11004	11426	
10017	10020	10018	10022	10016	10036	
10001	10011	10018	10016	10010	
10011	10012	10014	10010	10001	10003	
10016	10018	10010	10017	10001	
11104	11377	11101	11378	
11109	11101	
10010	10001	10002	10003	10009	10011	10016	
11367	11415	11368	11375	11365	11355	11366	11432	11435	
10014	10013	10012	10011	
10003	10012	10011	10010	10009	10002	
11222	11249	
10002	10003	10009	10038	10013	10012	10010	
11378	11377	11101	11379	11104	11373	
10009	10010	10002	10003	
10012	10013	10011	10014	10002	10003	
10013	10007	10002	10282	10038	10012	10014	
10007	10048	10006	10282	10281	10038	10013	
11237	
11385	
10038	10013	10005	10006	10007	10002	
11206	11216	11249	11211	11205	11221	
10006	10048	10005	10007	10038	
11412	11411	11413	11429	11433	11423	11434	
10005	10006	10038	
11251	11201	11249	11205	
10004-1	10280	
11411	11429	11412	11422	11413	
11201	11251	11205	11231-1	11217	
10004-2	
11205	11201	11249	11251	11238	11216	11217	11206	
11208	11414	11416	11417	11239	11207	11421	
11207	11212	11239	11236	11208	11233	11221	
10004-3	
10004-4	
11413	11411	11430	11422	11412	11434	
11217	11201	11238	11205	11231-1	11215	
11238	11205	11225	11216	11217	11215	
11231-1	11201	11217	11215	
11422	11411	11430	11413	
11420	11414	11417	11419	11430	11436	11435	
11417	11208	11419	11414	11416	11420	
11215	11225	11231-1	11238	11217	11226	11218	11232	
11231-2	
11232	11220	11218	11219	11215	
11430	11413	11414	11420	11422	11436	11434	
11203	11212	11213	11210	11226	11225	11234	11236	
11239	11208	11207	11236	
11236	11212	11239	11203	11234	11207	
11220	11209	11232	11219	11228	
10301	10310	10304	10314	
10303	10314	10302	
11234	11210	11236	11203	11229	11235	
10302	10310	10314	10303	
11693-1	
11209	11220	11214	11228	
10304	10306	10305	10314	10301	
10314	10309	10308	10310	10306	10312	10304	10303	10302	10301	
11228	11209	11219	11204	11214	11220	
11096-1	
10305	10306	10304	
11229	11230	11223	11210	11234	11235	
11214	11209	11224	11223	11204	11228	
11691	11692	11096-2	
11096-2	11691	
11223	11229	11204	11214	11230	11224	11235	
11693-2	
11692	11693-3	11691	
11235	11223	11224	11234	11229	
11693-3	11694	11692	
10306	10305	10304	10314	10308	
11694	11697	11693-3	
11224	11223	11235	11214	
10308	10306	10312	10314	
11697	11694	
10312	10314	10309	10308	
10309	10307	10312	10314	
10307	10309	
10280	10004-1	
11372	11370-1	11377	11373	11368	11369	
11004	11001	11040	11005	11426	
11040	11001	11005	11004	
11426	11001	11005	11004	11364	11362	11428	11427	
11365	11358	11366	11367	11364	11355	11361	
11001	11040	11004	11426	
11375	11367	11435	11415	11368	11374	
11427	11366	11428	11423	11364	11426	
11374	11375	11379	11368	11373	
11366	11367	11364	11365	11432	11423	11427	
11423	11412	11366	11364	11429	11428	11432	11433	11427	
11428	11429	11423	11427	11426	
11432	11366	11367	11423	11433	11435	
11379	11374	11378	11373	
11429	11428	11423	11412	11411	
11435	11415	11375	11367	11433	11418	11419	11432	11420	11436	11434	
11415	11418	11367	11375	11435	
11418	11421	11419	11415	11416	11435	
11433	11412	11432	11423	11436	11451	11434	11435	
11451	11433	
11221	11233	11216	11207	11206	
11421	11418	11208	11416	
11419	11418	11420	11417	11416	11435	
11434	11412	11413	11433	11430	11436	11435	
11216	11238	11213	11205	11206	11225	11233	11221	
11416	11418	11421	11417	11208	11419	
11233	11212	11213	11216	11207	11221	
10055	
10019	00083	10018	10036	10022	10023	10020	10111	
10111	10019	10022	10020	
10153	
10154	
10152	
10115	10027	10024	
10022	10065	00083	10019	10017	10020	10111	
11370-2	
10065	10022	00083	10021	
10075	10028	00083	10021	
10069	10023	
10281	10007	10282	
10282	10013	10007	10281	
11211	11206	
11373	11379	11378	11368	11374	11377	11372	
10279	
10165	
10168	
10105	
10118	
10176	
10170	
10112	
10122	
10107	
10103	
10174	
10166	
10169	
10167	
10177	
10172	
10171	
10270	
10104	
10271	
10110	
10175	
10151	
10173	
10178	
10121	
10123	
10106	
10158	
10041	
10120	
10278	
10155	
10043	
10081	
10096	
10097	
10196-1	
10196-2	
10275	
10265	
10045	
10047-1	10047-2	
10047-2	10047-1	
10080	
10203	
10259	
10260	10286	
10285	
10286	10260	
10035-2	
11371	11370-1	11368	11369	
11361	11358	11364	11365	11362	11363	11360	
10036	10019	10018	10017	10020	
11414	11208	11430	11417	11420	
10310	10314	10302	10301	
11693-4	
11249	11251	11205	11222	11206	
10162	
10119	
